# oST version 5.0 parameters


[image]

width
640

height
480

[narrow_stereo]

camera matrix
1284.750848 0.000000 358.790467
0.000000 1281.464689 200.809023
0.000000 0.000000 1.000000

distortion
-0.404441 0.942400 0.001988 -0.002131 0.000000

rectification
1.000000 0.000000 0.000000
0.000000 1.000000 0.000000
0.000000 0.000000 1.000000

projection
1255.758869 0.000000 359.729761 0.000000
0.000000 1263.562104 200.148992 0.000000
0.000000 0.000000 1.000000 0.000000
